image_width: 640
image_height: 480
camera_name: 000a4701120ac458
camera_matrix:
  rows: 3
  cols: 3
  data: [578.992746, 0.000000, 296.876757, 0.000000, 579.111133, 245.805135, 0.000000, 0.000000, 1.000000]
distortion_model: plumb_bob
distortion_coefficients:
  rows: 1
  cols: 5
  data: [-0.102259,0.41786,-0.003389,0.042278, 0.000000]
rectification_matrix:
  rows: 3
  cols: 3
  data: [1.000000, 0.000000, 0.000000, 0.000000, 1.000000, 0.000000, 0.000000, 0.000000, 1.000000]
projection_matrix:
  rows: 3
  cols: 4
  data: [733.293579, 0.000000, 373.184151, 0.000000, 0.000000, 771.333984, 190.523213, 0.000000, 0.000000, 0.000000, 1.000000, 0.000000]
